# These indices were selected from the dataset made by the kwargs
# {'N': 1500, 'scale': 0.01, 'dropout': 0.9, 'training': False}
# and all the simulated and experimental references.
# The RFE parameters were set to best_estimator = 'Random Forest'
# and best_n = 12, with the number of reps = 50.
9 13 14 18 21 25 31 36 44 46 50 59
7 13 14 18 21 24 30 44 46 50 54 59
9 14 15 20 24 26 33 36 44 46 57 59
9 13 14 20 24 26 29 33 46 50 55 59
9 14 15 21 25 27 30 34 44 49 54 59
9 13 15 18 21 24 27 33 42 46 50 59
10 14 17 20 24 29 35 44 46 50 56 59
9 14 15 21 24 27 33 44 46 50 55 59
7 13 15 20 24 26 29 38 44 46 57 59
9 14 21 24 27 30 37 42 46 50 54 59
9 13 14 19 21 24 27 30 44 46 50 59
8 13 15 20 24 27 32 42 44 50 54 59
7 13 14 20 24 26 28 42 46 50 54 59
9 14 15 20 24 26 29 33 46 49 54 59
9 14 15 21 24 27 33 44 46 50 57 59
9 13 14 18 22 25 33 44 46 49 54 59
9 13 15 18 22 24 26 30 46 50 56 59
9 14 20 22 25 30 35 38 46 50 56 59
9 14 15 18 22 27 31 35 42 46 54 59
9 13 14 20 24 27 30 44 46 50 54 59
10 14 17 21 24 27 31 35 42 46 54 59
8 13 14 19 22 26 28 35 44 50 54 59
13 14 18 21 24 27 33 44 46 50 54 59
9 13 14 20 25 26 30 35 44 50 54 59
9 14 15 20 24 27 31 33 44 46 50 59
9 14 15 20 24 27 31 44 46 51 54 59
9 13 15 20 24 26 30 35 44 46 51 59
8 13 14 19 21 25 30 38 44 46 50 59
9 13 15 21 24 30 36 44 46 55 57 59
8 13 14 18 21 24 30 36 44 46 50 59
9 14 18 21 24 26 28 33 37 44 46 59
8 14 15 20 23 27 31 44 46 50 55 59
9 14 15 21 26 30 33 44 46 50 54 59
9 14 15 20 24 26 33 44 46 50 56 59
8 14 18 21 24 26 29 33 37 44 50 59
9 13 14 15 20 22 26 30 33 46 50 59
8 14 18 21 24 28 31 39 46 50 54 59
9 14 15 20 22 24 27 30 36 46 50 59
8 14 18 21 25 30 38 44 46 50 57 59
9 14 15 20 24 27 30 44 46 50 55 59
8 13 14 18 21 24 27 33 42 46 50 59
8 14 20 24 25 28 31 44 46 49 54 59
9 14 15 20 21 25 27 30 44 46 50 59
10 14 20 22 24 27 37 44 46 54 57 59
9 14 15 21 25 30 33 41 46 50 56 59
7  9 14 21 24 27 30 42 46 50 54 59
7  9 14 18 21 24 26 29 42 46 50 59
9 14 15 20 25 27 31 35 44 46 57 59
9 14 15 21 25 28 31 35 42 44 46 59
9 13 15 20 25 28 33 43 46 51 56 59
