X1  As_0109_(ASU_stand.)    X2  As_0110_(ASU_stand.)    X3  As2O3_0111_(ASU_stand.)    X4  As2O3_0112_(ASU_stand.)    X5  As2O5_(XAFS_Lib)  
 11856.61600  0.036371959  11856.61600  0.003124714  11856.61600  0.075712118  11856.61600  0.087151472  11856.61600  0.108731019
 11858.33300  0.011551683  11858.33300 -0.002210796  11858.33300  0.037816996  11858.33300  0.044220354  11858.33300  0.078002428
 11859.90100 -0.006024874  11859.90100 -0.005704728  11859.90100  0.011831043  11859.90100  0.011879285  11859.90100  0.052086915
 11861.32000 -0.012588182  11861.32000  0.004790809  11861.32000 -0.008347556  11861.32000 -0.006319276  11861.32000  0.030276512
 11862.59000 -0.008106159  11862.59000  0.018770530  11862.59000 -0.010673288  11862.59000 -0.013446621  11862.59000  0.013167970
 11863.71000  0.015167532  11863.71000  0.056641767  11863.71000 -0.006362931  11863.71000 -0.007648827  11863.71000  0.000182626
 11864.68100  0.047758908  11864.68100  0.102291177  11864.68100  0.013552732  11864.68100  0.015535439  11864.68100 -0.006669987
 11865.50200  0.095460627  11865.50200  0.172698996  11865.50200  0.040116997  11865.50200  0.025898945  11865.50200 -0.010531284
 11866.11600  0.226738550  11866.11600  0.269448494  11866.11600  0.088642743  11866.11600  0.070377372  11866.11600 -0.010321268
 11866.74200  0.406818954  11866.74200  0.402148097  11866.74200  0.150315398  11866.74200  0.132622656  11866.74200 -0.004939367
 11867.36900  0.660671675  11867.36900  0.634194917  11867.36900  0.231473835  11867.36900  0.215838652  11867.36900  0.003172661
 11867.99500  0.835586177  11867.99500  0.866108125  11867.99500  0.367099355  11867.99500  0.337806553  11867.99500  0.015938649
 11868.62200  1.022308912  11868.62200  1.199564268  11868.62200  0.522888765  11868.62200  0.516932945  11868.62200  0.037625795
 11869.24900  1.342921307  11869.24900  1.370739608  11869.24900  0.701342676  11869.24900  0.738883610  11869.24900  0.073565867
 11869.87500  1.555446018  11869.87500  1.528855938  11869.87500  0.997803009  11869.87500  1.031978649  11869.87500  0.130221415
 11870.50200  1.692282591  11870.50200  1.699163107  11870.50200  1.373865810  11870.50200  1.490463766  11870.50200  0.211861237
 11871.12900  1.944542659  11871.12900  1.910116176  11871.12900  1.703168588  11871.12900  1.797171814  11871.12900  0.333013240
 11871.75500  2.087063328  11871.75500  2.024804295  11871.75500  1.906892809  11871.75500  1.899620178  11871.75500  0.500016691
 11872.38200  2.070482646  11872.38200  1.979585854  11872.38200  1.928711796  11872.38200  1.897194581  11872.38200  0.704831397
 11872.76400  1.976366107  11872.76400  1.847566667  11872.76400  1.878247090  11872.76400  1.838109619  11872.76400  0.841055463
 11873.41800  1.750944000  11873.41800  1.623327122  11873.41800  1.743060385  11873.41800  1.687305627  11873.41800  1.117946701
 11874.10800  1.587450085  11874.10800  1.457319888  11874.10800  1.656735860  11874.10800  1.566057226  11874.10800  1.453655088
 11874.83600  1.432797322  11874.83600  1.327237256  11874.83600  1.561331367  11874.83600  1.491015820  11874.83600  1.764912497
 11875.60200  1.289642083  11875.60200  1.233750800  11875.60200  1.451882787  11875.60200  1.407443457  11875.60200  1.969638853
 11876.40500  1.212241845  11876.40500  1.154793626  11876.40500  1.378648416  11876.40500  1.303700695  11876.40500  2.006104888
 11877.24500  1.126531848  11877.24500  1.079510183  11877.24500  1.269876304  11877.24500  1.194244860  11877.24500  1.855126456
 11878.12200  1.076375215  11878.12200  1.026228012  11878.12200  1.145070609  11878.12200  1.096905118  11878.12200  1.595545733
 11879.03700  1.051689154  11879.03700  1.024029438  11879.03700  1.048113102  11879.03700  1.020872772  11879.03700  1.306246285
 11879.98900  1.054706539  11879.98900  1.044689789  11879.98900  1.048989269  11879.98900  1.032820943  11879.98900  1.135519020
 11880.97800  1.093761553  11880.97800  1.076241573  11880.97800  1.137429144  11880.97800  1.125786438  11880.97800  1.067929521
 11882.00500  1.142749489  11882.00500  1.132012321  11882.00500  1.234728573  11882.00500  1.248316188  11882.00500  1.058571685
 11883.06900  1.158000700  11883.06900  1.149742310  11883.06900  1.281745687  11883.06900  1.280515769  11883.06900  1.077727583
 11884.17100  1.138434003  11884.17100  1.114197311  11884.17100  1.267054885  11884.17100  1.249324558  11884.17100  1.096642013
 11885.31000  1.106423747  11885.31000  1.088605817  11885.31000  1.222759391  11885.31000  1.206696820  11885.31000  1.107577958
 11886.48600  1.094212396  11886.48600  1.082838629  11886.48600  1.191406240  11886.48600  1.177287737  11886.48600  1.120807769
 11887.69900  1.075633751  11887.69900  1.060299220  11887.69900  1.181355450  11887.69900  1.181051475  11887.69900  1.140690133
 11888.95000  1.056553764  11888.95000  1.036890455  11888.95000  1.151659473  11888.95000  1.148569709  11888.95000  1.163512601
 11890.23800  1.033965728  11890.23800  1.020112756  11890.23800  1.112837497  11890.23800  1.099297488  11890.23800  1.176457715
 11891.56400  1.025258564  11891.56400  1.016146224  11891.56400  1.085597997  11891.56400  1.104535419  11891.56400  1.163172574
 11892.92700  1.011538563  11892.92700  1.005823759  11892.92700  1.051610085  11892.92700  1.068051675  11892.92700  1.129181581
 11894.32700  0.993318740  11894.32700  0.981691257  11894.32700  1.012446246  11894.32700  0.999100491  11894.32700  1.082267071
 11895.76400  0.980835619  11895.76400  0.975481389  11895.76400  0.972932222  11895.76400  0.977741712  11895.76400  1.044468845
 11897.23900  0.976298553  11897.23900  0.967421051  11897.23900  0.957203269  11897.23900  0.970255437  11897.23900  1.019006341
 11898.75100  0.985094493  11898.75100  0.979629399  11898.75100  0.965756762  11898.75100  0.970349455  11898.75100  1.007738903
 11900.30100  0.986656789  11900.30100  0.985133590  11900.30100  0.968946522  11900.30100  0.968742952  11900.30100  1.002947666
 11901.88800  0.981835416  11901.88800  0.976722879  11901.88800  0.962555119  11901.88800  0.958418397  11901.88800  0.992784182
 11903.51200  0.980634704  11903.51200  0.983783163  11903.51200  0.961899851  11903.51200  0.943863344  11903.51200  0.975898156
 11905.17300  0.969651822  11905.17300  0.981227317  11905.17300  0.953203003  11905.17300  0.938014454  11905.17300  0.955217539
 11906.87200  0.965393164  11906.87200  0.968296539  11906.87200  0.951916616  11906.87200  0.929210030  11906.87200  0.932566911
 11908.60800  0.971783760  11908.60800  0.973489249  11908.60800  0.949686995  11908.60800  0.939484664  11908.60800  0.909561267
 11910.38200  0.975807932  11910.38200  0.984885619  11910.38200  0.931484417  11910.38200  0.935464744  11910.38200  0.893202300
 11912.19300  0.990948525  11912.19300  0.990728564  11912.19300  0.954938343  11912.19300  0.962921623  11912.19300  0.890566607
 11914.04100  1.010825697  11914.04100  1.007767971  11914.04100  0.990189236  11914.04100  1.000568836  11914.04100  0.904253560
 11915.92700  1.019437120  11915.92700  1.021883857  11915.92700  1.010435824  11915.92700  1.025978958  11915.92700  0.933020664
 11917.85000  1.024506818  11917.85000  1.024762248  11917.85000  1.031717235  11917.85000  1.038147625  11917.85000  0.973035462
 11919.81000  1.023184735  11919.81000  1.021058375  11919.81000  1.041660068  11919.81000  1.045773633  11919.81000  1.020680704
 11921.80700  1.036468439  11921.80700  1.036765117  11921.80700  1.062184224  11921.80700  1.058275856  11921.80700  1.068370148
 11923.84200  1.050651167  11923.84200  1.042159411  11923.84200  1.070796767  11923.84200  1.065804717  11923.84200  1.114236375
 11925.91500  1.060946487  11925.91500  1.061737605  11925.91500  1.088581226  11925.91500  1.101146867  11925.91500  1.151003259
 11928.02400  1.071164436  11928.02400  1.057422602  11928.02400  1.094282434  11928.02400  1.114581374  11928.02400  1.180812221
