 X1  As_0109_(ASU_standard)    X2  As_0110_(ASU_standard)    X3  As2O3_0111_(ASU_standard)    X4  As2O3_0112_(ASU_standard)    X5  exp_As_(FL_database)    X6  exp_As2O3_(XAFS_Lib)    X7  exp_As2O5_(XAFS_Lib)  
 11856.61600  0.016637180  11856.61600  0.000198142  11856.61600  0.001418308  11856.61600  0.009778866  11856.61600  0.004694093  11856.61600  0.006694889  11856.61600  0.000443824
 11858.33300 -0.002795367  11858.33300 -0.000415112  11858.33300 -0.002971391  11858.33300 -0.005191439  11858.33300 -0.005053518  11858.33300  0.000622711  11858.33300 -0.000510835
 11859.90100 -0.015086464  11859.90100  0.000216970  11859.90100  0.001553083  11859.90100 -0.011306886  11859.90100 -0.004923296  11859.90100 -0.001310810  11859.90100 -0.000395970
 11861.32000 -0.016196060  11861.32000  0.012599321  11861.32000  0.008951790  11861.32000 -0.004657301  11861.32000  0.005282721  11861.32000  0.000688098  11861.32000  0.000462982
 11862.59000 -0.006089772  11862.59000  0.027647458  11862.59000  0.031148090  11862.59000  0.011376760  11862.59000  0.032175104  11862.59000  0.008453673  11862.59000  0.002340333
 11863.71000  0.023530482  11863.71000  0.063006361  11863.71000  0.057019667  11863.71000  0.038817098  11863.71000  0.083130578  11863.71000  0.021063616  11863.71000  0.004962416
 11864.68100  0.062514989  11864.68100  0.104744292  11864.68100  0.095464069  11864.68100  0.082593088  11864.68100  0.161846411  11864.68100  0.044082187  11864.68100  0.009260632
 11865.50200  0.117067946  11865.50200  0.167542638  11865.50200  0.137596130  11865.50200  0.109436956  11865.50200  0.280063151  11865.50200  0.073445212  11865.50200  0.013783283
 11866.11600  0.260330694  11866.11600  0.252637724  11866.11600  0.197473909  11866.11600  0.169938864  11866.11600  0.405437936  11866.11600  0.106095086  11866.11600  0.018589590
 11866.74200  0.455948351  11866.74200  0.368848746  11866.74200  0.270596754  11866.74200  0.250222302  11866.74200  0.602229005  11866.74200  0.161340046  11866.74200  0.025865325
 11867.36900  0.730636793  11867.36900  0.570972938  11867.36900  0.363027066  11867.36900  0.353606913  11867.36900  0.835519140  11867.36900  0.235487895  11867.36900  0.034403700
 11867.99500  0.920717816  11867.99500  0.772979260  11867.99500  0.509352821  11867.99500  0.499626773  11867.99500  1.101341333  11867.99500  0.333490045  11867.99500  0.045073708
 11868.62200  1.123458668  11868.62200  1.066380467  11868.62200  0.675657274  11868.62200  0.708579537  11868.62200  1.260885378  11868.62200  0.466097562  11868.62200  0.059852211
 11869.24900  1.469697814  11869.24900  1.219350894  11869.24900  0.864396386  11869.24900  0.964668790  11869.24900  1.395797477  11869.24900  0.641210239  11869.24900  0.081182413
 11869.87500  1.693249159  11869.87500  1.360922933  11869.87500  1.169925928  11869.87500  1.299047540  11869.87500  1.497776521  11869.87500  0.839177410  11869.87500  0.112027309
 11870.50200  1.838495424  11870.50200  1.512946942  11870.50200  1.547096513  11870.50200  1.815489227  11870.50200  1.544256503  11870.50200  1.029561914  11870.50200  0.169955012
 11871.12900  2.107448586  11871.12900  1.700021719  11871.12900  1.870532220  11871.12900  2.149101989  11871.12900  1.561787258  11871.12900  1.213091576  11871.12900  0.245795084
 11871.75500  2.258789118  11871.75500  1.803745960  11871.75500  2.069666894  11871.75500  2.257893359  11871.75500  1.530517948  11871.75500  1.362227854  11871.75500  0.342429983
 11872.38200  2.239608092  11872.38200  1.769099897  11872.38200  2.088737002  11872.38200  2.251244074  11872.38200  1.484872462  11872.38200  1.452832576  11872.38200  0.456227317
 11872.76400  2.137877948  11872.76400  1.657603131  11872.76400  2.037244111  11872.76400  2.183785039  11872.76400  1.452886912  11872.76400  1.467137897  11872.76400  0.530694618
 11873.41800  1.894807193  11873.41800  1.468173337  11873.41800  1.900791878  11873.41800  2.013644943  11873.41800  1.379852626  11873.41800  1.431926901  11873.41800  0.678043952
 11874.10800  1.718027944  11874.10800  1.329231370  11874.10800  1.812561189  11874.10800  1.875808070  11874.10800  1.295130131  11874.10800  1.333115237  11874.10800  0.847997224
 11874.83600  1.550638854  11874.83600  1.221480841  11874.83600  1.715189422  11874.83600  1.788589856  11874.83600  1.206618804  11874.83600  1.213277909  11874.83600  1.007243482
 11875.60200  1.395486932  11875.60200  1.145481828  11875.60200  1.603762801  11875.60200  1.691740477  11875.60200  1.121871347  11875.60200  1.110759293  11875.60200  1.117999803
 11876.40500  1.310725708  11876.40500  1.082124135  11876.40500  1.528033984  11876.40500  1.572454797  11876.40500  1.063088527  11876.40500  1.025270380  11876.40500  1.151814259
 11877.24500  1.216975140  11877.24500  1.021998187  11877.24500  1.416978657  11877.24500  1.446645931  11877.24500  1.030862581  11877.24500  0.961045372  11877.24500  1.099811635
 11878.12200  1.161246204  11878.12200  0.980929565  11878.12200  1.289903185  11878.12200  1.333938364  11878.12200  1.019523513  11878.12200  0.920335414  11878.12200  0.998174251
 11879.03700  1.132730263  11879.03700  0.984048437  11879.03700  1.190240305  11879.03700  1.244442576  11879.03700  1.028546180  11879.03700  0.902806436  11879.03700  0.883120141
 11879.98900  1.133822684  11879.98900  1.006916307  11879.98900  1.187269810  11879.98900  1.251551725  11879.98900  1.043977451  11879.98900  0.924339240  11879.98900  0.822729653
 11880.97800  1.173455753  11880.97800  1.039157928  11880.97800  1.270825882  11880.97800  1.347601456  11880.97800  1.053604009  11880.97800  0.967691263  11880.97800  0.809840692
 11882.00500  1.223649104  11882.00500  1.092275621  11882.00500  1.362998476  11882.00500  1.475951255  11882.00500  1.054187733  11882.00500  1.020244918  11882.00500  0.823758596
 11883.06900  1.237601373  11883.06900  1.112396554  11883.06900  1.405249509  11883.06900  1.504640202  11883.06900  1.049394069  11883.06900  1.058340894  11883.06900  0.850731513
 11884.17100  1.214151535  11884.17100  1.086321555  11884.17100  1.386265218  11884.17100  1.463314004  11884.17100  1.041780987  11884.17100  1.074353276  11884.17100  0.877482250
 11885.31000  1.177281892  11885.31000  1.068692579  11885.31000  1.337827299  11885.31000  1.409164838  11885.31000  1.033229266  11885.31000  1.070215267  11885.31000  0.900358990
 11886.48600  1.161548797  11886.48600  1.068013946  11886.48600  1.302051318  11886.48600  1.369330558  11886.48600  1.023770166  11886.48600  1.059568082  11886.48600  0.924003153
 11887.69900  1.138908226  11887.69900  1.052606177  11887.69900  1.287212512  11887.69900  1.365774624  11887.69900  1.014143679  11887.69900  1.052426472  11887.69900  0.950335186
 11888.95000  1.115644854  11888.95000  1.036190695  11888.95000  1.252774553  11888.95000  1.322082246  11888.95000  1.007100225  11888.95000  1.044152476  11888.95000  0.977575821
 11890.23800  1.088538447  11890.23800  1.025215418  11890.23800  1.209153985  11890.23800  1.259673854  11890.23800  1.003177825  11890.23800  1.034143176  11890.23800  0.999730216
 11891.56400  1.076223595  11891.56400  1.024991253  11891.56400  1.176845246  11891.56400  1.257023371  11891.56400  1.003084633  11891.56400  1.019082135  11891.56400  1.009201651
 11892.92700  1.058452929  11892.92700  1.018903826  11892.92700  1.137707374  11892.92700  1.208215191  11892.92700  1.003820225  11892.92700  1.006309312  11892.92700  1.008422827
 11894.32700  1.035776278  11894.32700  1.000469493  11894.32700  1.093296906  11894.32700  1.123435410  11894.32700  1.002866028  11894.32700  0.993209118  11894.32700  1.000874735
 11895.76400  1.019164794  11895.76400  0.997090488  11895.76400  1.048390647  11895.76400  1.090805550  11895.76400  1.003652832  11895.76400  0.987405800  11895.76400  0.996589537
 11897.23900  1.010984137  11897.23900  0.991629064  11897.23900  1.026875066  11897.23900  1.073203916  11897.23900  1.006726439  11897.23900  0.990866634  11897.23900  0.996953259
 11898.75100  1.017010101  11898.75100  1.003170496  11898.75100  1.029246526  11898.75100  1.063711045  11898.75100  1.010032944  11898.75100  0.997996868  11898.75100  1.002706764
 11900.30100  1.015197816  11900.30100  1.008348205  11900.30100  1.026155458  11900.30100  1.052105241  11900.30100  1.007570595  11900.30100  1.002722145  11900.30100  1.010200774
 11901.88800  1.006460506  11901.88800  1.000882986  11901.88800  1.013431232  11901.88800  1.030668683  11901.88800  1.001122946  11901.88800  1.003874163  11901.88800  1.013871588
 11903.51200  1.001520463  11903.51200  1.006142518  11903.51200  1.006235814  11903.51200  1.004340804  11903.51200  0.991341634  11903.51200  1.001904670  11903.51200  1.012986332
 11905.17300  0.986012999  11905.17300  1.002387732  11905.17300  0.990931208  11905.17300  0.987360928  11905.17300  0.987084243  11905.17300  0.997925537  11905.17300  1.008776113
 11906.87200  0.977626845  11906.87200  0.988914971  11906.87200  0.982808725  11906.87200  0.966886730  11906.87200  0.988778308  11906.87200  0.993609319  11906.87200  1.001963809
 11908.60800  0.980570961  11908.60800  0.990322096  11908.60800  0.973603415  11908.60800  0.967177937  11908.60800  0.991851450  11908.60800  0.990745548  11908.60800  0.993167977
 11910.38200  0.980893345  11910.38200  0.996250969  11910.38200  0.948433943  11910.38200  0.951494013  11910.38200  0.995357049  11910.38200  0.991237095  11910.38200  0.985483744
 11912.19300  0.993046693  11912.19300  0.996487129  11912.19300  0.964349378  11912.19300  0.970221631  11912.19300  1.001186894  11912.19300  0.998114078  11912.19300  0.982037059
 11914.04100  1.010193311  11914.04100  1.005465032  11914.04100  0.991792990  11914.04100  0.999930874  11914.04100  1.006153928  11914.04100  1.005895141  11914.04100  0.983894773
 11915.92700  1.015180210  11915.92700  1.010919472  11915.92700  1.004231266  11915.92700  1.015929627  11915.92700  1.006679626  11915.92700  1.010932901  11915.92700  0.990350926
 11917.85000  1.016287980  11917.85000  1.005611660  11917.85000  1.017544715  11917.85000  1.017118736  11917.85000  1.004588363  11917.85000  1.007766338  11917.85000  0.999512331
 11919.81000  1.010462030  11919.81000  0.993514059  11919.81000  1.019485413  11919.81000  1.013072930  11919.81000  1.001525310  11919.81000  0.999796795  11919.81000  1.009580303
 11921.80700  1.020206825  11921.80700  0.997049917  11921.80700  1.031750972  11921.80700  1.014159520  11921.80700  0.998404343  11921.80700  0.988689785  11921.80700  1.016929096
 11923.84200  1.030829681  11923.84200  0.990455120  11923.84200  1.032072524  11923.84200  1.009530774  11923.84200  0.995224138  11923.84200  0.978713043  11923.84200  1.020549916
 11925.91500  1.037200669  11925.91500  0.994855191  11925.91500  1.041319791  11925.91500  1.035274815  11925.91500  0.991984446  11925.91500  0.967289445  11925.91500  1.016950382
 11928.02400  1.043407752  11928.02400  0.977277630  11928.02400  1.038461218  11928.02400  1.036676726  11928.02400  0.988688413  11928.02400  0.951836284  11928.02400  1.006988141
